0.0 0.0 0 0 0 0 0 1
0.05 0.05 0 0 0 0 0 1
0.1 0.1 0 0 0 0 0 1
0.15000000000000002 0.15000000000000002 0 0 0 0 0 1
0.2 0.2 0 0 0 0 0 1
0.25 0.25 0 0 0 0 0 1
0.30000000000000004 0.30000000000000004 0 0 0 0 0 1
0.35000000000000003 0.35000000000000003 0 0 0 0 0 1
0.4 0.4 0 0 0 0 0 1
0.45 0.45 0 0 0 0 0 1
0.5 0.5 0 0 0 0 0 1
0.55 0.55 0 0 0 0 0 1
0.6000000000000001 0.6000000000000001 0 0 0 0 0 1
0.65 0.65 0 0 0 0 0 1
0.7000000000000001 0.7000000000000001 0 0 0 0 0 1
0.75 0.75 0 0 0 0 0 1
0.8 0.8 0 0 0 0 0 1
0.8500000000000001 0.8500000000000001 0 0 0 0 0 1
0.9 0.9 0 0 0 0 0 1
0.9500000000000001 0.9500000000000001 0 0 0 0 0 1
1.0 1.0 0 0 0 0 0 1
1.05 1.05 0 0 0 0 0 1
1.1 1.1 0 0 0 0 0 1
1.1500000000000001 1.1500000000000001 0 0 0 0 0 1